# Submodule for filtering design 

###################################################
# Function that calls filters from Wavelets.jl
"""
...
filt_gen(WT.filter::Wavelets.WT) generates de desired filter with the next possible 
choices:

* Haar: WT.Haar

* Coiflet: coif_n_ (n in 2:2:8)

* Daubechies: db_n_ (n in 1:Inf)

* Symlet: sym_n_ (n in 4:10)

* Battle: batt_n_ (n in 2:2:6)

* Beylkin: beyl 
 
* Vaidyanathan: vaid 

* CDF: cdf_n_ (n in (9,7))

#### Examples
#### filt_gen(WT.haar)
...
"""
function filt_gen(filt1)
	if filt1=="scaling_shearlet"
		filter = [0.0104933261758410,-0.0263483047033631,-0.0517766952966370,0.276348304703363,0.582566738241592,0.276348304703363,-0.0517766952966369,-0.0263483047033631,0.0104933261758408]
	elseif filt1=="directional_shearlet"
		filter = [-0.0000000e+00   0.0000000e+00  -3.0861315e-07   0.0000000e+00  -3.7033578e-07   0.0000000e+00  -4.8143652e-07   0.0000000e+00  -8.3942778e-07   0.0000000e+00  -4.8143652e-07   0.0000000e+00  -3.7033578e-07   0.0000000e+00  -3.0861315e-07   0.0000000e+00  -0.0000000e+00
  -0.0000000e+00   6.1722631e-07  -0.0000000e+00  -6.0488178e-06  -0.0000000e+00  -7.6782952e-06  -0.0000000e+00  -1.2171703e-05  -0.0000000e+00  -1.2171703e-05  -0.0000000e+00  -7.6782952e-06  -0.0000000e+00  -6.0488178e-06  -0.0000000e+00   6.1722631e-07  -0.0000000e+00
  -3.0861315e-07   0.0000000e+00   1.2838307e-05   0.0000000e+00  -5.9401860e-05   0.0000000e+00  -8.7893026e-05   0.0000000e+00  -1.0969346e-04   0.0000000e+00  -8.7893026e-05   0.0000000e+00  -5.9401860e-05   0.0000000e+00   1.2838307e-05   0.0000000e+00  -3.0861315e-07
  -0.0000000e+00  -6.0488178e-06  -0.0000000e+00   1.3512318e-04  -0.0000000e+00  -4.3544081e-04  -0.0000000e+00  -5.7848918e-04  -0.0000000e+00  -5.7848918e-04  -0.0000000e+00  -4.3544081e-04  -0.0000000e+00   1.3512318e-04  -0.0000000e+00  -6.0488178e-06  -0.0000000e+00
  -3.7033578e-07   0.0000000e+00  -5.9401860e-05   0.0000000e+00   1.0726899e-03   6.1035156e-04  -1.9615452e-03   3.6621094e-04  -2.2362850e-03   3.6621094e-04  -1.9615452e-03   6.1035156e-04   1.0726899e-03   0.0000000e+00  -5.9401860e-05   0.0000000e+00  -3.7033578e-07
  -0.0000000e+00  -7.6782952e-06  -0.0000000e+00  -4.3544081e-04  -6.1035156e-04   5.3247620e-03   6.3476562e-03  -5.3114299e-03   4.1503906e-03  -5.3114299e-03   6.3476562e-03   5.3247620e-03  -6.1035156e-04  -4.3544081e-04  -0.0000000e+00  -7.6782952e-06  -0.0000000e+00
  -4.8143652e-07   0.0000000e+00  -8.7893026e-05   0.0000000e+00  -1.9615452e-03  -6.3476562e-03   1.6444291e-02   3.3691406e-02  -8.7910061e-03   3.3691406e-02   1.6444291e-02  -6.3476562e-03  -1.9615452e-03   0.0000000e+00  -8.7893026e-05   0.0000000e+00  -4.8143652e-07
  -0.0000000e+00  -1.2171703e-05  -0.0000000e+00  -5.7848918e-04  -3.6621094e-04  -5.3114299e-03  -3.3691406e-02   3.3130363e-02   1.7749023e-01   3.3130363e-02  -3.3691406e-02  -5.3114299e-03  -3.6621094e-04  -5.7848918e-04  -0.0000000e+00  -1.2171703e-05  -0.0000000e+00
  -8.3942778e-07   0.0000000e+00  -1.0969346e-04   0.0000000e+00  -2.2362850e-03  -4.1503906e-03  -8.7910061e-03  -1.7749023e-01   5.9486541e-01  -1.7749023e-01  -8.7910061e-03  -4.1503906e-03  -2.2362850e-03   0.0000000e+00  -1.0969346e-04   0.0000000e+00  -8.3942778e-07
  -0.0000000e+00  -1.2171703e-05  -0.0000000e+00  -5.7848918e-04  -3.6621094e-04  -5.3114299e-03  -3.3691406e-02   3.3130363e-02   1.7749023e-01   3.3130363e-02  -3.3691406e-02  -5.3114299e-03  -3.6621094e-04  -5.7848918e-04  -0.0000000e+00  -1.2171703e-05  -0.0000000e+00
  -4.8143652e-07   0.0000000e+00  -8.7893026e-05   0.0000000e+00  -1.9615452e-03  -6.3476562e-03   1.6444291e-02   3.3691406e-02  -8.7910061e-03   3.3691406e-02   1.6444291e-02  -6.3476562e-03  -1.9615452e-03   0.0000000e+00  -8.7893026e-05   0.0000000e+00  -4.8143652e-07
  -0.0000000e+00  -7.6782952e-06  -0.0000000e+00  -4.3544081e-04  -6.1035156e-04   5.3247620e-03   6.3476562e-03  -5.3114299e-03   4.1503906e-03  -5.3114299e-03   6.3476562e-03   5.3247620e-03  -6.1035156e-04  -4.3544081e-04  -0.0000000e+00  -7.6782952e-06  -0.0000000e+00
  -3.7033578e-07   0.0000000e+00  -5.9401860e-05   0.0000000e+00   1.0726899e-03   6.1035156e-04  -1.9615452e-03   3.6621094e-04  -2.2362850e-03   3.6621094e-04  -1.9615452e-03   6.1035156e-04   1.0726899e-03   0.0000000e+00  -5.9401860e-05   0.0000000e+00  -3.7033578e-07
  -0.0000000e+00  -6.0488178e-06  -0.0000000e+00   1.3512318e-04  -0.0000000e+00  -4.3544081e-04  -0.0000000e+00  -5.7848918e-04  -0.0000000e+00  -5.7848918e-04  -0.0000000e+00  -4.3544081e-04  -0.0000000e+00   1.3512318e-04  -0.0000000e+00  -6.0488178e-06  -0.0000000e+00
  -3.0861315e-07   0.0000000e+00   1.2838307e-05   0.0000000e+00  -5.9401860e-05   0.0000000e+00  -8.7893026e-05   0.0000000e+00  -1.0969346e-04   0.0000000e+00  -8.7893026e-05   0.0000000e+00  -5.9401860e-05   0.0000000e+00   1.2838307e-05   0.0000000e+00  -3.0861315e-07
  -0.0000000e+00   6.1722631e-07  -0.0000000e+00  -6.0488178e-06  -0.0000000e+00  -7.6782952e-06  -0.0000000e+00  -1.2171703e-05  -0.0000000e+00  -1.2171703e-05  -0.0000000e+00  -7.6782952e-06  -0.0000000e+00  -6.0488178e-06  -0.0000000e+00   6.1722631e-07  -0.0000000e+00
  -0.0000000e+00   0.0000000e+00  -3.0861315e-07   0.0000000e+00  -3.7033578e-07   0.0000000e+00  -4.8143652e-07   0.0000000e+00  -8.3942778e-07   0.0000000e+00  -4.8143652e-07   0.0000000e+00  -3.7033578e-07   0.0000000e+00  -3.0861315e-07   0.0000000e+00  -0.0000000e+00]
	elseif filt1=="directional_shearlet2"
		filter = [0.0000000e+00  -0.0000000e+00   0.0000000e+00  -0.0000000e+00   1.6717973e-03  -0.0000000e+00   0.0000000e+00  -0.0000000e+00   0.0000000e+00
   0.0000000e+00  -0.0000000e+00   0.0000000e+00  -6.6871894e-03  -2.1080148e-03  -6.6871894e-03   0.0000000e+00  -0.0000000e+00   0.0000000e+00
   0.0000000e+00  -0.0000000e+00   1.0030784e-02   6.3240444e-03  -1.9555817e-02   6.3240444e-03   1.0030784e-02  -0.0000000e+00   0.0000000e+00
   0.0000000e+00  -6.6871894e-03  -6.3240444e-03   5.2486012e-02   1.3975610e-01   5.2486012e-02  -6.3240444e-03  -6.6871894e-03   0.0000000e+00
   1.6717973e-03   2.1080148e-03  -1.9555817e-02  -1.3975610e-01   6.8785947e-01  -1.3975610e-01  -1.9555817e-02   2.1080148e-03   1.6717973e-03
   0.0000000e+00  -6.6871894e-03  -6.3240444e-03   5.2486012e-02   1.3975610e-01   5.2486012e-02  -6.3240444e-03  -6.6871894e-03   0.0000000e+00
   0.0000000e+00  -0.0000000e+00   1.0030784e-02   6.3240444e-03  -1.9555817e-02   6.3240444e-03   1.0030784e-02  -0.0000000e+00   0.0000000e+00
   0.0000000e+00  -0.0000000e+00   0.0000000e+00  -6.6871894e-03  -2.1080148e-03  -6.6871894e-03   0.0000000e+00  -0.0000000e+00   0.0000000e+00
   0.0000000e+00  -0.0000000e+00   0.0000000e+00  -0.0000000e+00   1.6717973e-03  -0.0000000e+00   0.0000000e+00  -0.0000000e+00   0.0000000e+00]
	elseif filt1=="directional_shearlet3"
		filter = [-6.0515365e-02   0.0000000e+00   1.2103073e-01   0.0000000e+00  -6.0515365e-02   0.0000000e+00
   4.6875000e-02   7.8125000e-02  -4.6875000e-01   4.6875000e-01  -7.8125000e-02  -4.6875000e-02
  -0.0000000e+00  -6.0515365e-02  -0.0000000e+00   1.2103073e-01  -0.0000000e+00  -6.0515365e-02]
  elseif filt1=="Coiflet1"
		filter = [3.8580778e-02,-1.2696913e-01,-7.7161555e-02,6.0749164e-01,7.4568756e-01,2.2658427e-01]
	else
		#Call the function and add a zero
		filter = [0;wavelet(filt1).qmf]
	end
    filter
end
